72.37672 22.23603 16.77166 1142.634 773.0868
72.07414 22.00681 16.41489 1139.968 771.4785
72.06298 21.27863 16.0625 1121.875 766.2707
71.84182 21.15653 15.64493 1119.689 762.7466
71.81531 21.04884 15.53922 1109.452 758.5553
71.3849 20.89288 15.4572 1108.087 757.9701
70.85849 20.74294 15.33765 1106.562 756.9597
70.61823 20.64412 15.26987 1103.618 755.3439
70.49138 20.45358 15.26699 1099.181 752.0933
70.48215 20.43507 15.22484 1098.399 746.6359
70.38025 20.42339 15.19865 1096.575 745.0708
70.3692 20.41781 15.17314 1091.779 740.5721
70.35524 20.15684 15.13717 1091.385 738.9854
70.25587 20.02553 15.10818 1090.472 738.1336
70.13045 19.96158 14.95135 1088.173 738.1084
