72.37672 72.07414 72.06298 71.84182 71.81531
71.3849 70.85849 70.61823 70.49138 70.48215
70.38025 70.3692 70.35524 70.25587 70.13045
22.23603 22.00681 21.27863 21.15653 21.04884
20.89288 20.74294 20.64412 20.45358 20.43507
20.42339 20.41781 20.15684 20.02553 19.96158
16.77166 16.41489 16.0625 15.64493 15.53922
15.4572 15.33765 15.26987 15.26699 15.22484
15.19865 15.17314 15.13717 15.10818 14.95135
1142.634 1139.968 1121.875 1119.689 1109.452
1108.087 1106.562 1103.618 1099.181 1098.399
1096.575 1091.779 1091.385 1090.472 1088.173
773.0868 771.4785 766.2707 762.7466 758.5553
757.9701 756.9597 755.3439 752.0933 746.6359
745.0708 740.5721 738.9854 738.1336 738.1084
